   8.5757971953676204        8.5757971953676204        8.5757971953676204     
   12.949008355755041        31.210659357337260       -5.3579342395438276     
   12.808570020151510        29.131900692242311       -8.2092313372699515     
   15.677943688767110        34.696387712262997       -4.6919750157826439     
   12.988872217997301        34.925211526128876       -8.1070651530584392     
   12.759425951337420        31.467783612501531        9.3454199631618149     
   14.880548574611421        22.815168330190609       -15.114542417034411     
   10.564179979170060        32.133629899076929      -0.70633133120935376     
   21.901846289839430        28.699428829813410       -11.334357126768500     
   9.4013506663933839        33.819783830281942        2.8622930759226688     
   16.819607428125000        29.039577255732318       -7.4110455863197325E-002
   11.077380657570320        32.444544001984191       -3.7977027539048289     
   8.5221283658386415        26.584179291971179      -0.25545797473065252     
   10.889479010399830        28.849282598827720      -0.65226862810108477     
   17.805231494393951        30.517489765969149       -2.3413326262668441     
   15.240930035509180        34.217485355899370        1.5193166155687241     
   19.155507366783059        29.527980250203189       -3.6292647208352280     
   14.663711804823880        34.211866627310677       -9.3889665682957268     
   8.1210445332000702        28.092708320073189       -1.9754522237326040     
   14.985183776109720        27.619060262894141       -6.0942201657328017     
   11.248772643373121        34.345028190854919       -3.5535016642821389     
   10.310463499888829        30.888382356674331        2.3549302621317798     
   17.634354417229559        24.981194045318741       -2.0770522707306238     
   17.126871123299459        37.317348502664991        3.4180835615044178     
   15.106270590831629        29.402580377310120       -3.9343216651796040     
   10.269365213813019        27.749032893228058       -6.0744569864650870     
   12.889211590119659        26.965711821755619       -4.6569198749211740     
   20.760606756472889        30.350603345746318       -1.3763844198805990     
   16.025687718864859        32.545710617206552       -8.7284175970704307     
   14.653860260763940        31.128870692404831       -1.3025201138741720     
   15.980359916054390        32.495185378549451        4.2742174889913489     
   14.165964751388140        33.182164843930543       -3.1351005721849901     
   11.644129528975560        33.656036004847749       -5.6009410930043293     
   13.786914504589200        23.676109574029109        3.8119801402978668     
   22.426261531228260        20.226104573645721       0.58926405804525628     
   15.248698100610410        35.463580032146609       -3.6107591185392800     
   11.740267807895069        25.750381106287559      -0.18436916286002469     
   13.157095428208549        32.280320395818393      -0.20750747761054431     
   15.818798365801481        30.480901421972000        1.6183118754789609     
   19.500284646321440        33.082112735670393       -1.4862158260543761     
   13.218624242707129        27.537404815758581       -2.1778864854217752     
   17.247432703953429        24.186204010562090        2.6569813457303688     
   17.866308465720039        29.561107147087771       0.61291227842362506     
   9.8777256733755845        31.887905769208441       -3.7951071058436092     
   9.2475971715952383        26.094498203919649       0.65669693313784594     
   11.041921053263151        27.547780049141970       -1.3355724756942611     
   8.3348815704545149        31.035222390969722       -1.5873299237016181     
   22.592715772419400        25.085924943560141        2.0674415207775909     
   20.217105698009942        37.581741581554411       -4.4171297775525780     
   15.059425593453650        35.719071186760608      -0.76242218723336630     
   9.4974172953648051        28.100994242841612       -2.4073763154745089     
   16.145355758602310        27.872597473797889        1.9650303916686500     
   9.9688850326221488        35.216520174281662       -4.0928804697058609     
   11.310236898086560        30.823208249516949       -7.2101844347988893     
   16.743988472408081        25.570798934174409       -2.8203469210494858     
   17.235695740578361        38.642500764212173        3.3535336417067318     
   14.016310011501229        29.590057872416729       -4.7140658120841650     
   11.097672439261720        28.133067481400541        1.6044109231275121     
   12.811925129071760        27.712488659478851       -5.7855480459400948     
   12.284832546704790        30.810018095745210       -2.6950948660571150     
   8.5614296056297352        40.957502924546567       0.40620689011827371     
   6.6947804284195662        29.907296528991139       -1.2503652166304200     
   15.765508646726341        23.204279945122671        5.3291613785661411     
   21.517792993357499        33.302966950337662        5.9878315524863979     
   11.435282620058640        33.488890434515703        1.6940020958089490     
