8.57579719536762 8.57579719536762  8.57579719536762
12.94900835575504 31.21065935733726 -5.357934239543828
12.80857002015151 29.13190069224231 -8.209231337269951
15.67794368876711 34.69638771226300 -4.691975015782644
12.98887221799730 34.92521152612888 -8.107065153058439
12.75942595133742 31.46778361250153 9.345419963161815
14.88054857461142 22.81516833019061 -15.11454241703441
11.74026780789507 25.75038110628756 -0.1843691628600247
10.56417997917006 32.13362989907693 -0.7063313312093538
21.90184628983943 28.69942882981341 -11.33435712676850
9.401350666393384 33.81978383028194 2.862293075922669
16.81960742812500 29.03957725573232 -7.411045586319732E-02
11.07738065757032 32.44454400198419 -3.797702753904829
8.522128365838642 26.58417929197118 -0.2554579747306525
10.88947901039983 28.84928259882772 -0.6522686281010848
17.80523149439395 30.51748976596915 -2.341332626266844
19.50028464632144 33.08211273567039 -1.486215826054376
15.24093003550918 34.21748535589937 1.519316615568724
19.15550736678306 29.52798025020319 -3.629264720835228
14.66371180482388 34.21186662731068 -9.388966568295727
8.121044533200070 28.09270832007319 -1.975452223732604
22.59271577241940 25.08592494356014 2.067441520777591
14.98518377610972 27.61906026289414 -6.094220165732802
11.24877264337312 34.34502819085492 -3.553501664282139
17.24743270395343 24.18620401056209 2.656981345730369
10.31046349988883 30.88838235667433 2.354930262131780
17.63435441722956 24.98119404531874 -2.077052270730624
15.05942559345365 35.71907118676061 -0.7624221872333663
17.12687112329946 37.31734850266499 3.418083561504418
22.42626153122826 20.22610457364572 0.5892640580452563
13.78691450458920 23.67610957402911 3.811980140297867
15.10627059083163 29.40258037731012 -3.934321665179604
10.26936521381302 27.74903289322806 -6.074456986465087
17.23569574057836 38.64250076421217 3.353533641706732
12.88921159011966 26.96571182175562 -4.656919874921174
14.01631001150123 29.59005787241673 -4.714065812084165
13.21862424270713 27.53740481575858 -2.177886485421775
13.15709542820855 32.28032039581839 -0.2075074776105443
20.76060675647289 30.35060334574632 -1.376384419880599
9.497417295364805 28.10099424284161 -2.407376315474509
16.74398847240808 25.57079893417441 -2.820346921049486
16.02568771886486 32.54571061720655 -8.728417597070431
9.247597171595238 26.09449820391965 0.6566969331378459
12.28483254670479 30.81001809574521 -2.695094866057115
11.31023689808656 30.82320824951695 -7.210184434798889
17.86630846572004 29.56110714708777 0.6129122784236251
14.65386026076394 31.12887069240483 -1.302520113874172
11.09767243926172 28.13306748140054 1.604410923127512
11.04192105326315 27.54778004914197 -1.335572475694261
16.14535575860231 27.87259747379789 1.965030391668650
20.21710569800994 37.58174158155441 -4.417129777552578
9.968885032622149 35.21652017428166 -4.092880469705861
15.98035991605439 32.49518537854945 4.274217488991349
14.16596475138814 33.18216484393054 -3.135100572184990
12.81192512907176 27.71248865947885 -5.785548045940095
6.694780428419566 29.90729652899114 -1.250365216630420
11.64412952897556 33.65603600484775 -5.600941093004329
21.51779299335750 33.30296695033766 5.987831552486398
15.81879836580148 30.48090142197200 1.618311875478961
15.76550864672634 23.20427994512267 5.329161378566141
9.877725673375584 31.88790576920844 -3.795107105843609
8.561429605629735 40.95750292454657 0.4062068901182737
15.24869810061041 35.46358003214661 -3.610759118539280
11.43528262005864 33.48889043451570 1.694002095808949
8.334881570454515 31.03522239096972 -1.587329923701618
