           1
           5
           9
          13
          21
          25
          29
          37
          45
          49
          57
          61
          69
          81
          89
          97
         101
         109
         113
         121
         129
         137
         145
         149
         161
         169
         177
         185
         193
         197
         205
         213
         221
         225
         233
         241
         249
         253
         261
         277
         285
         293
         301
         305
         317
         325
         333
         341
         349
         357
         365
         373
         377
         385
         393
         401
         405
         413
         421
         429
         437
         441
         457
         465
         473
         481
         489
         497
         505
         509
         517
         529
         545
         553
         561
         569
         577
         585
         593
         601
         609
         613
         621
         633
         641
         657
         665
         673
         681
         697
         709
         717
         725
         733
         741
         749
         757
         761
         769
         777
         785
         793
         797
         805
         813
         821
         829
         837
         845
         853
         861
         869
         877
         885
         889
         893
         901
         917
         925
         933
         941
         949
         965
         973
         981
         989
         997
        1005
        1009
        1033
        1041
        1049
        1057
        1069
        1085
        1093
        1101
        1109
        1117
        1125
        1129
        1137
        1153
        1161
        1177
        1185
        1201
        1209
        1217
        1225
        1229
        1237
        1245
        1257
        1265
        1273
        1281
        1289
        1297
        1305
        1313
        1321
        1329
        1353
        1361
        1369
        1373
        1389
        1405
        1413
        1425
        1433
        1441
        1449
        1457
        1465
        1473
        1481
        1489
        1505
        1513
        1517
        1533
        1541
        1549
        1557
        1565
        1573
        1581
        1597
        1605
        1609
        1617
        1625
        1633
        1641
        1649
        1653
        1669
        1685
        1693
        1701
        1709
        1717
        1725
        1733
        1741
        1749
        1757
        1765
        1773
        1781
        1789
        1793
        1801
        1805
        1813
        1829
        1837
        1853
        1861
        1869
        1877
        1885
        1893
        1901
        1917
        1925
        1933
        1941
        1961
        1969
        1977
        1985
        1993
        2001
        2009
        2017
        2025
        2029
        2053
        2061
        2069
        2077
        2085
        2093
        2101
        2109
        2121
        2129
        2145
        2153
        2161
        2177
        2185
        2201
        2209
        2217
        2225
        2233
        2241
        2249
        2253
        2261
        2285
        2289
        2305
        2313
        2321
        2329
        2337
        2353
        2361
        2377
        2385
        2393
        2409
        2417
        2425
        2433
        2441
        2449
        2453
        2461
        2469
        2477
        2493
        2501
        2509
        2521
        2529
        2537
        2545
        2553
        2561
        2569
        2585
        2593
        2601
        2609
        2617
        2621
        2629
        2637
        2653
        2661
        2669
        2677
        2693
        2701
        2709
        2725
        2733
        2741
        2749
        2757
        2765
        2769
        2785
        2793
        2801
        2809
        2821
        2837
        2845
        2853
        2861
        2869
        2877
        2885
        2893
        2909
        2917
        2925
        2933
        2941
        2949
        2957
        2965
        2981
        2989
        2997
        3001
        3017
        3025
        3041
        3045
        3061
        3069
        3077
        3085
        3093
        3109
        3125
        3133
        3141
        3149
        3157
        3165
        3173
        3181
        3189
        3197
        3205
        3209
        3233
        3241
        3249
        3265
        3273
        3281
        3289
        3297
        3305
        3313
        3317
        3325
        3333
        3341
        3357
        3365
        3381
        3389
        3397
        3405
        3409
        3417
        3425
        3433
        3441
        3449
        3457
        3473
        3489
        3497
        3505
        3513
        3521
        3529
        3545
        3553
        3569
        3577
        3593
        3597
        3605
        3613
        3617
        3625
        3641
        3657
        3673
        3681
        3697
        3705
        3713
        3721
        3729
        3745
        3753
        3761
        3769
        3777
        3793
        3801
        3809
        3817
        3833
        3841
        3853
        3861
        3869
        3877
        3885
        3893
        3901
        3909
        3917
        3937
        3945
        3953
        3969
        3977
        3985
        3993
        4001
        4009
        4017
        4025
        4041
        4049
        4053
        4061
        4085
        4093
        4109
        4117
        4125
        4133
        4141
        4149
        4157
        4165
        4189
        4197
        4205
        4221
        4229
        4237
        4249
        4257
        4273
        4281
        4293
        4309
        4317
        4325
        4341
        4349
        4357
        4373
        4389
        4397
        4405
        4413
        4421
        4429
        4437
        4445
        4461
        4469
        4477
        4485
        4493
        4501
        4509
        4513
        4537
        4545
        4561
        4569
        4577
        4581
        4597
        4613
        4621
        4629
        4637
        4645
        4661
        4669
        4677
        4693
        4701
        4709
        4725
        4733
        4741
        4749
        4765
        4777
        4785
        4793
        4809
        4817
        4825
        4833
        4841
        4849
        4857
        4865
        4873
        4881
        4889
        4897
        4905
        4913
        4921
        4925
        4941
        4949
        4957
        4973
        4989
        4997
        5005
        5013
        5025
        5033
        5041
        5049
        5057
        5065
        5073
        5081
        5089
        5097
        5113
        5129
        5137
        5145
        5153
        5161
        5169
        5177
        5193
        5201
        5209
        5217
        5233
        5241
        5249
        5261
        5273
        5281
        5297
        5313
        5321
        5329
        5337
        5345
        5369
        5377
        5385
        5393
        5409
        5417
        5425
        5433
        5441
        5449
        5457
        5465
        5473
        5481
        5489
        5497
        5505
        5513
        5521
        5525
        5541
        5557
        5573
        5581
        5589
        5605
        5621
        5629
        5637
        5649
        5657
        5665
        5673
        5681
        5689
        5697
        5705
        5713
        5721
        5745
        5753
        5761
        5769
        5777
        5785
        5789
        5797
        5813
        5829
        5837
        5845
        5853
        5861
        5877
        5885
        5893
        5901
        5909
        5917
        5941
        5949
        5957
        5973
        5981
        5989
        5997
        6005
        6013
        6021
        6025
        6041
        6049
        6065
        6073
        6077
        6093
        6109
        6117
        6125
        6133
        6141
        6149
        6157
        6165
        6173
        6181
        6189
        6197
        6205
        6213
        6221
        6237
        6253
        6261
        6269
        6277
        6285
        6293
        6309
        6317
        6325
        6333
        6349
        6357
        6361
        6369
        6377
        6385
        6393
        6409
        6417
        6433
        6437
        6461
        6469
        6477
        6485
        6493
        6501
        6509
        6525
        6533
        6541
        6549
        6557
        6565
        6573
        6581
        6589
        6597
        6605
        6613
        6621
        6625
        6633
        6641
        6657
        6665
        6697
        6705
        6721
        6729
        6737
        6745
        6761
        6769
        6777
        6785
        6793
        6801
        6809
        6817
        6833
        6841
        6845
        6853
        6861
        6869
        6877
        6885
        6893
        6909
        6917
        6921
        6937
        6953
        6961
        6969
        6977
        6985
        7001
        7009
        7017
        7025
        7033
        7049
        7057
        7065
        7073
        7089
        7105
        7113
        7121
        7129
        7137
        7145
        7153
        7161
        7177
        7185
        7193
        7201
        7209
        7213
        7229
        7237
        7245
        7253
        7257
        7265
        7273
        7281
        7289
        7305
        7321
        7329
        7337
        7345
        7353
        7369
        7377
        7385
        7393
        7409
        7417
        7425
        7433
        7441
        7449
        7457
        7465
        7473
        7481
        7497
        7505
        7513
        7521
        7525
        7533
        7541
        7573
        7581
        7589
        7597
        7605
        7613
        7629
        7637
        7645
        7653
        7661
        7677
        7685
        7693
        7705
        7713
        7721
        7729
        7753
        7761
        7769
        7777
        7785
        7793
        7809
        7817
        7825
        7845
        7861
        7869
        7885
        7893
        7901
        7909
        7917
        7925
        7933
        7957
        7965
        7981
        7989
        7997
        8005
        8013
        8021
        8029
        8037
        8045
        8061
        8069
        8085
        8093
        8101
        8109
        8113
        8121
        8129
        8137
        8161
        8165
        8173
        8181
        8189
        8197
        8205
        8221
        8229
        8237
        8245
        8253
        8261
        8269
        8277
        8285
        8293
        8301
        8309
        8317
        8325
        8341
        8349
        8357
        8389
        8397
        8405
        8413
        8421
        8429
        8445
        8453
        8461
        8469
        8477
        8485
        8497
        8505
        8513
        8521
        8529
        8545
        8553
        8577
        8585
        8593
        8597
        8605
        8613
        8621
        8629
        8637
        8645
        8653
        8661
        8669
        8685
        8693
        8701
        8709
        8717
        8725
        8741
        8757
        8765
        8773
        8781
        8789
        8797
        8805
        8809
        8817
        8825
        8833
        8841
        8849
        8857
        8865
        8881
        8889
        8897
        8905
        8913
        8921
        8929
        8937
        8945
        8953
        8961
        8969
        8977
        8985
        8993
        9001
        9009
        9025
        9033
        9041
        9057
        9061
        9069
        9077
        9085
        9093
        9101
        9125
        9133
        9141
        9145
        9153
        9169
        9177
        9193
        9209
        9217
        9225
        9233
        9241
        9249
        9265
        9273
        9281
        9289
        9297
        9305
        9313
        9329
        9337
        9353
        9361
        9377
        9385
        9393
        9401
        9417
        9425
        9433
        9441
        9449
        9465
        9469
        9477
        9493
        9501
        9509
        9517
        9525
        9533
        9541
        9549
        9557
        9569
        9577
        9585
        9601
        9609
        9625
        9633
        9641
        9649
        9657
        9665
        9673
        9689
        9705
        9713
        9721
        9729
        9737
        9745
        9753
        9761
        9769
        9777
        9785
        9801
        9809
        9825
        9833
        9841
        9845
        9853
        9861
        9869
        9877
        9909
        9917
        9925
        9941
        9949
        9957
        9965
        9981
        9989
        9997
           1
           5
           9
          13
          21
          25
          29
          37
          45
          49
          57
          61
          69
          81
          89
          97
         101
         109
         113
         121
         129
         137
         145
         149
         161
         169
         177
         185
         193
         197
         205
         213
         221
         225
         233
         241
         249
         253
         261
         277
         285
         293
         301
         305
         317
         325
         333
         341
         349
         357
         365
         373
         377
         385
         393
         401
         405
         413
         421
         429
         437
         441
         457
         465
         473
         481
         489
         497
         505
         509
         517
         529
         545
         553
         561
         569
         577
         585
         593
         601
         609
         613
         621
         633
         641
         657
         665
         673
         681
         697
         709
         717
         725
         733
         741
         749
         757
         761
         769
         777
         785
         793
         797
         805
         813
         821
         829
         837
         845
         853
         861
         869
         877
         885
         889
         893
         901
         917
         925
         933
         941
         949
         965
         973
         981
         989
         997
        1005
        1009
        1033
        1041
        1049
        1057
        1069
        1085
        1093
        1101
        1109
        1117
        1125
        1129
        1137
        1153
        1161
        1177
        1185
        1201
        1209
        1217
        1225
        1229
        1237
        1245
        1257
        1265
        1273
        1281
        1289
        1297
        1305
        1313
        1321
        1329
        1353
        1361
        1369
        1373
        1389
        1405
        1413
        1425
        1433
        1441
        1449
        1457
        1465
        1473
        1481
        1489
        1505
        1513
        1517
        1533
        1541
        1549
        1557
        1565
        1573
        1581
        1597
        1605
        1609
        1617
        1625
        1633
        1641
        1649
        1653
        1669
        1685
        1693
        1701
        1709
        1717
        1725
        1733
        1741
        1749
        1757
        1765
        1773
        1781
        1789
        1793
        1801
        1805
        1813
        1829
        1837
        1853
        1861
        1869
        1877
        1885
        1893
        1901
        1917
        1925
        1933
        1941
        1961
        1969
        1977
        1985
        1993
        2001
        2009
        2017
        2025
        2029
        2053
        2061
        2069
        2077
        2085
        2093
        2101
        2109
        2121
        2129
        2145
        2153
        2161
        2177
        2185
        2201
        2209
        2217
        2225
        2233
        2241
        2249
        2253
        2261
        2285
        2289
        2305
        2313
        2321
        2329
        2337
        2353
        2361
        2377
        2385
        2393
        2409
        2417
        2425
        2433
        2441
        2449
        2453
        2461
        2469
        2477
        2493
        2501
        2509
        2521
        2529
        2537
        2545
        2553
        2561
        2569
        2585
        2593
        2601
        2609
        2617
        2621
        2629
        2637
        2653
        2661
        2669
        2677
        2693
        2701
        2709
        2725
        2733
        2741
        2749
        2757
        2765
        2769
        2785
        2793
        2801
        2809
        2821
        2837
        2845
        2853
        2861
        2869
        2877
        2885
        2893
        2909
        2917
        2925
        2933
        2941
        2949
        2957
        2965
        2981
        2989
        2997
        3001
        3017
        3025
        3041
        3045
        3061
        3069
        3077
        3085
        3093
        3109
        3125
        3133
        3141
        3149
        3157
        3165
        3173
        3181
        3189
        3197
        3205
        3209
        3233
        3241
        3249
        3265
        3273
        3281
        3289
        3297
        3305
        3313
        3317
        3325
        3333
        3341
        3357
        3365
        3381
        3389
        3397
        3405
        3409
        3417
        3425
        3433
        3441
        3449
        3457
        3473
        3489
        3497
        3505
        3513
        3521
        3529
        3545
        3553
        3569
        3577
        3593
        3597
        3605
        3613
        3617
        3625
        3641
        3657
        3673
        3681
        3697
        3705
        3713
        3721
        3729
        3745
        3753
        3761
        3769
        3777
        3793
        3801
        3809
        3817
        3833
        3841
        3853
        3861
        3869
        3877
        3885
        3893
        3901
        3909
        3917
        3937
        3945
        3953
        3969
        3977
        3985
        3993
        4001
        4009
        4017
        4025
        4041
        4049
        4053
        4061
        4085
        4093
        4109
        4117
        4125
        4133
        4141
        4149
        4157
        4165
        4189
        4197
        4205
        4221
        4229
        4237
        4249
        4257
        4273
        4281
        4293
        4309
        4317
        4325
        4341
        4349
        4357
        4373
        4389
        4397
        4405
        4413
        4421
        4429
        4437
        4445
        4461
        4469
        4477
        4485
        4493
        4501
        4509
        4513
        4537
        4545
        4561
        4569
        4577
        4581
        4597
        4613
        4621
        4629
        4637
        4645
        4661
        4669
        4677
        4693
        4701
        4709
        4725
        4733
        4741
        4749
        4765
        4777
        4785
        4793
        4809
        4817
        4825
        4833
        4841
        4849
        4857
        4865
        4873
        4881
        4889
        4897
        4905
        4913
        4921
        4925
        4941
        4949
        4957
        4973
        4989
        4997
        5005
        5013
        5025
        5033
        5041
        5049
        5057
        5065
        5073
        5081
        5089
        5097
        5113
        5129
        5137
        5145
        5153
        5161
        5169
        5177
        5193
        5201
        5209
        5217
        5233
        5241
        5249
        5261
        5273
        5281
        5297
        5313
        5321
        5329
        5337
        5345
        5369
        5377
        5385
        5393
        5409
        5417
        5425
        5433
        5441
        5449
        5457
        5465
        5473
        5481
        5489
        5497
        5505
        5513
        5521
        5525
        5541
        5557
        5573
        5581
        5589
        5605
        5621
        5629
        5637
        5649
        5657
        5665
        5673
        5681
        5689
        5697
        5705
        5713
        5721
        5745
        5753
        5761
        5769
        5777
        5785
        5789
        5797
        5813
        5829
        5837
        5845
        5853
        5861
        5877
        5885
        5893
        5901
        5909
        5917
        5941
        5949
        5957
        5973
        5981
        5989
        5997
        6005
        6013
        6021
        6025
        6041
        6049
        6065
        6073
        6077
        6093
        6109
        6117
        6125
        6133
        6141
        6149
        6157
        6165
        6173
        6181
        6189
        6197
        6205
        6213
        6221
        6237
        6253
        6261
        6269
        6277
        6285
        6293
        6309
        6317
        6325
        6333
        6349
        6357
        6361
        6369
        6377
        6385
        6393
        6409
        6417
        6433
        6437
        6461
        6469
        6477
        6485
        6493
        6501
        6509
        6525
        6533
        6541
        6549
        6557
        6565
        6573
        6581
        6589
        6597
        6605
        6613
        6621
        6625
        6633
        6641
        6657
        6665
        6697
        6705
        6721
        6729
        6737
        6745
        6761
        6769
        6777
        6785
        6793
        6801
        6809
        6817
        6833
        6841
        6845
        6853
        6861
        6869
        6877
        6885
        6893
        6909
        6917
        6921
        6937
        6953
        6961
        6969
        6977
        6985
        7001
        7009
        7017
        7025
        7033
        7049
        7057
        7065
        7073
        7089
        7105
        7113
        7121
        7129
        7137
        7145
        7153
        7161
        7177
        7185
        7193
        7201
        7209
        7213
        7229
        7237
        7245
        7253
        7257
        7265
        7273
        7281
        7289
        7305
        7321
        7329
        7337
        7345
        7353
        7369
        7377
        7385
        7393
        7409
        7417
        7425
        7433
        7441
        7449
        7457
        7465
        7473
        7481
        7497
        7505
        7513
        7521
        7525
        7533
        7541
        7573
        7581
        7589
        7597
        7605
        7613
        7629
        7637
        7645
        7653
        7661
        7677
        7685
        7693
        7705
        7713
        7721
        7729
        7753
        7761
        7769
        7777
        7785
        7793
        7809
        7817
        7825
        7845
        7861
        7869
        7885
        7893
        7901
        7909
        7917
        7925
        7933
        7957
        7965
        7981
        7989
        7997
        8005
        8013
        8021
        8029
        8037
        8045
        8061
        8069
        8085
        8093
        8101
        8109
        8113
        8121
        8129
        8137
        8161
        8165
        8173
        8181
        8189
        8197
        8205
        8221
        8229
        8237
        8245
        8253
        8261
        8269
        8277
        8285
        8293
        8301
        8309
        8317
        8325
        8341
        8349
        8357
        8389
        8397
        8405
        8413
        8421
        8429
        8445
        8453
        8461
        8469
        8477
        8485
        8497
        8505
        8513
        8521
        8529
        8545
        8553
        8577
        8585
        8593
        8597
        8605
        8613
        8621
        8629
        8637
        8645
        8653
        8661
        8669
        8685
        8693
        8701
        8709
        8717
        8725
        8741
        8757
        8765
        8773
        8781
        8789
        8797
        8805
        8809
        8817
        8825
        8833
        8841
        8849
        8857
        8865
        8881
        8889
        8897
        8905
        8913
        8921
        8929
        8937
        8945
        8953
        8961
        8969
        8977
        8985
        8993
        9001
        9009
        9025
        9033
        9041
        9057
        9061
        9069
        9077
        9085
        9093
        9101
        9125
        9133
        9141
        9145
        9153
        9169
        9177
        9193
        9209
        9217
        9225
        9233
        9241
        9249
        9265
        9273
        9281
        9289
        9297
        9305
        9313
        9329
        9337
        9353
        9361
        9377
        9385
        9393
        9401
        9417
        9425
        9433
        9441
        9449
        9465
        9469
        9477
        9493
        9501
        9509
        9517
        9525
        9533
        9541
        9549
        9557
        9569
        9577
        9585
        9601
        9609
        9625
        9633
        9641
        9649
        9657
        9665
        9673
        9689
        9705
        9713
        9721
        9729
        9737
        9745
        9753
        9761
        9769
        9777
        9785
        9801
        9809
        9825
        9833
        9841
        9845
        9853
        9861
        9869
        9877
        9909
        9917
        9925
        9941
        9949
        9957
        9965
        9981
        9989
        9997

