           1
           7
          19
          27
          33
          57
          81
          93
         123
         147
         171
         179
         203
         219
         251
         257
         305
         321
         341
         349
         365
         389
         437
         461
         469
         485
         515
         587
         619
         635
         691
         739
         751
         775
         799
         807
         847
         895
         925
         949
         973
        1021
        1045
        1125
        1141
        1189
        1213
        1237
        1253
        1309
        1325
        1357
        1365
        1419
        1435
        1503
        1527
        1551
        1575
        1599
        1647
        1743
        1759
        1791
        1807
        1839
        1863
        1919
        1935
        2007
        2039
        2103
        2109
        2149
        2205
        2261
        2301
        2317
        2325
        2373
        2405
        2469
        2485
        2517
        2533
        2553
        2577
        2601
        2617
        2721
        2737
        2777
        2785
        2801
        2833
        2897
        2945
        2969
        3055
        3071
        3119
        3151
        3191
        3239
        3287
        3335
        3407
        3431
        3559
        3575
        3623
        3695
        3743
        3759
        3791
        3887
        3895
        3911
        3959
        4067
        4083
        4139
        4169
        4337
        4377
        4385
        4457
        4521
        4553
        4625
        4697
        4729
        4761
        4801
        4849
        4945
        5041
        5137
        5169
        5185
        5201
        5257
        5289
        5377
        5433
        5449
        5497
        5575
        5663
        5695
        5735
        5743
        5799
        5887
        5919
        6031
        6043
        6139
        6187
        6211
        6235
        6267
        6339
        6355
        6379
        6403
        6451
        6467
        6603
        6619
        6627
        6667
        6683
        6763
        6779
        6843
        6859
        6899
        6931
        6979
        7059
        7075
        7107
        7123
        7153
        7201
        7249
        7329
        7441
        7497
        7521
        7673
        7689
        7737
        7793
        7809
        7833
        7881
        7913
        8025
        8121
        8201
        8217
        8289
        8369
        8385
        8409
        8585
        8601
        8677
        8709
        8733
        8813
        8829
        8893
        8925
        8973
        9045
        9093
        9171
        9299
        9315
        9379
        9435
        9459
        9475
        9627
        9771
        9795
        9827
        9843
        9907
        9939
